image_width: 640
image_height: 480
camera_name: brio_100
camera_matrix:
  rows: 3
  cols: 3
  data: [892.32   ,   0.     , 324.48537,
           0.     , 894.97479, 234.10904,
           0.     ,   0.     ,   1.     ]
distortion_model: plumb_bob
distortion_coefficients:
  rows: 1
  cols: 5
  data: [0.092796, -0.182609, 0.002067, -0.002578, 0.000000]
rectification_matrix:
  rows: 3
  cols: 3
  data: [1., 0., 0.,
         0., 1., 0.,
         0., 0., 1.]
projection_matrix:
  rows: 3
  cols: 4
  data: [903.37936,   0.     , 323.43719,   0.     ,
           0.     , 906.7267 , 234.74523,   0.     ,
           0.     ,   0.     ,   1.     ,   0.     ]
